"TOA5","EntrenaPeral","CR800","6885","CR800.Std.21","CPU:MNEGRA_PERAL_2011.CR8","36978","Horario"
"TIMESTAMP","RECORD","Temperatura_Avg","Humedad_Avg","Lluvia_Tot","Humec_kOhm_Avg","Tiempo_Humectacion","Bateria_Min"
"TS","RN","grados C","%HR","mm","kOhms","kOhms","Volts"
"","","Avg","Avg","Tot","Avg","Hst,1,1.0000e+00,0.0000e+00,1.5000e+02","Min"
"2013-04-02 12:00:00",0,-12.9,22.93,0,"NAN",0.05,12.26
"2013-04-03 09:00:00",1,6.659,90,0,5144,0.555,12.57
"2013-04-03 10:00:00",2,6.741,90,0,7999,0,12.76
"2013-04-03 11:00:00",3,9.02,84.4,0,"NAN",0,12.94
"2013-04-03 12:00:00",4,11.54,78.6,0,"NAN",0.256,13.18
"2013-04-03 13:00:00",5,14.04,66.42,0,"NAN",0,13.32
"2013-04-03 14:00:00",6,14.26,65.34,0,"NAN",0,13.4
"2013-04-03 15:00:00",7,14.09,64.29,0,"NAN",0,13.36
"2013-04-03 16:00:00",8,13.76,63.98,0,"NAN",0,13.13
"2013-04-03 17:00:00",9,14.11,62.1,0,"NAN",0,13.19
"2013-04-03 18:00:00",10,14.44,51.56,0,"NAN",0,12.89
"2013-04-03 19:00:00",11,13.33,51.46,0,"NAN",0,12.65
"2013-04-03 20:00:00",12,10.68,75.78,0,"NAN",0.258,12.61
"2013-04-03 21:00:00",13,9.45,82,0,1116,0,12.59
"2013-04-03 22:00:00",14,9.39,82.6,0,939,0,12.62
"2013-04-03 23:00:00",15,9.41,80.5,0,1538,0,12.69
"2013-04-04 00:00:00",16,9.18,81.9,0,1232,0,12.68
"2013-04-04 01:00:00",17,8.85,83.6,0,1110,0,12.67
"2013-04-04 02:00:00",18,8.65,85.6,0,552.2,0.417,12.66
"2013-04-04 03:00:00",19,7.546,92.9,0,3.268,1,12.66
"2013-04-04 04:00:00",20,6.946,95.4,0,3.342,1,12.65
"2013-04-04 05:00:00",21,7.03,96.1,0,3.173,1,12.64
"2013-04-04 06:00:00",22,7.082,96.9,0,4.132,1,12.5
"2013-04-04 07:00:00",23,7.392,96.1,0,4.219,1,12.49
"2013-04-04 08:00:00",24,8.32,95.1,0,12.28,1,12.56
"2013-04-04 09:00:00",25,9.64,87.6,0,"NAN",0.547,12.91
"2013-04-04 10:00:00",26,11.46,76.39,0,"NAN",0,13.55
"2013-04-04 11:00:00",27,13.29,65.67,0,"NAN",0,13.72
"2013-04-04 12:00:00",28,10.95,74.5,0,"NAN",0.669,13.02
"2013-04-04 13:00:00",29,9.45,81.7,0,"NAN",0.547,13.12
"2013-04-04 14:00:00",30,8.38,89.3,0,34.27,1,13.27
"2013-04-04 15:00:00",31,7.898,85.8,0,47.91,0.883,12.95
"2013-04-04 16:00:00",32,7.475,86.5,0,13.59,1,12.81
"2013-04-04 17:00:00",33,6.374,85.8,0,42.26,0.983,12.59
"2013-04-04 18:00:00",34,5.473,83.9,0,7999,0.481,12.52
"2013-04-04 19:00:00",35,4.883,82.8,0,"INF",0,12.49
"2013-04-04 20:00:00",36,4.312,85.6,0,2958,0.767,12.47
"2013-04-04 21:00:00",37,4.012,86.4,0,8.87,1,12.46
"2013-04-04 22:00:00",38,3.566,87.4,0,32.5,1,12.5
"2013-04-04 23:00:00",39,2.872,91.2,0,2.952,1,12.6
"2013-04-05 00:00:00",40,2.467,92.6,0,4.127,1,12.59
"2013-04-05 01:00:00",41,2.455,90.3,0,16.78,1,12.58
"2013-04-05 02:00:00",42,2.579,87.8,0,66.39,0.981,12.58
"2013-04-05 03:00:00",43,2.756,84.4,0,397,0.403,12.58
"2013-04-05 04:00:00",44,2.938,82.1,0,31.91,1,12.57
"2013-04-05 05:00:00",45,2.984,82.4,0,7604,0.142,12.57
"2013-04-05 06:00:00",46,3.012,80.9,0,7999,0,12.41
"2013-04-05 07:00:00",47,3.33,80.5,0,"NAN",0,12.4
"2013-04-05 08:00:00",48,4.24,74.39,0,"NAN",0,12.7
"2013-04-05 09:00:00",49,4.978,68.76,0,"NAN",0,13.58
"2013-04-05 10:00:00",50,4.638,71.44,0,"NAN",0.153,13.47
"2013-04-05 11:00:00",51,5.358,71.6,0,"NAN",0.492,13.58
"2013-04-05 12:00:00",52,6.129,61.51,0,"NAN",0,13.49
"2013-04-05 13:00:00",53,5.575,68.17,0,"NAN",0.7,13.31
"2013-04-05 14:00:00",54,7.094,57.8,0,"NAN",0,13.92
"2013-04-05 15:00:00",55,7.129,57.75,0,"NAN",0,13.88
"2013-04-05 16:00:00",56,6.743,61.72,0,"NAN",0,13.64
"2013-04-05 17:00:00",57,6.18,59.2,0,"NAN",0,13.64
"2013-04-05 18:00:00",58,4.777,67.17,0,"NAN",0.083,13.17
"2013-04-05 19:00:00",59,4.152,67.87,0,"NAN",0,12.56
"2013-04-05 20:00:00",60,3.542,72.18,0,"NAN",0,12.51
"2013-04-05 21:00:00",61,3.041,73.16,0,7999,0,12.45
"2013-04-05 22:00:00",62,2.917,75.83,0,7999,0,12.51
"2013-04-05 23:00:00",63,2.562,79.96,0,7999,0,12.62
"2013-04-06 00:00:00",64,2.752,80.9,0,4538,0.844,12.61
"2013-04-06 01:00:00",65,2.691,78.72,0,7999,0,12.6
"2013-04-06 02:00:00",66,2.915,69.64,0,"NAN",0,12.6
"2013-04-06 03:00:00",67,3.123,70.21,0,"NAN",0.244,12.59
"2013-04-06 04:00:00",68,2.831,76.69,0,1347,0.708,12.59
"2013-04-06 05:00:00",69,2.884,79.53,0,113.6,0.717,12.58
"2013-04-06 06:00:00",70,2.878,80.9,0,1062,0.222,12.41
"2013-04-06 07:00:00",71,2.516,87.2,0,207.5,0.839,12.4
"2013-04-06 08:00:00",72,3.066,87.4,0,137,0.731,12.48
"2013-04-06 09:00:00",73,3.778,84.6,0,453.5,0.644,13.38
"2013-04-06 10:00:00",74,4.279,83.5,0,755.2,0.331,13.85
"2013-04-06 11:00:00",75,3.951,87.6,0,47.03,0.9,13.77
"2013-04-06 12:00:00",76,4.462,86.1,0,12.07,1,13.82
"2013-04-06 13:00:00",77,4.546,86.8,0,27.09,0.95,13.82
"2013-04-06 14:00:00",78,4.775,83.8,0,7999,0.094,13.62
"2013-04-06 15:00:00",79,4.663,83.9,0,7999,0,13.08
"2013-04-06 16:00:00",80,4.378,87.1,0,771.3,0.731,12.87
"2013-04-06 17:00:00",81,4.017,89.6,0,12.24,1,12.74
"2013-04-06 18:00:00",82,4.143,87.2,0,738.6,0.603,12.55
"2013-04-06 19:00:00",83,4.31,84.1,0,3726,0,12.47
"2013-04-06 20:00:00",84,4.31,83,0,6302,0,12.44
"2013-04-06 21:00:00",85,4.292,83.6,0,6680,0,12.41
"2013-04-06 22:00:00",86,4.239,84.3,0,6604,0,12.46
"2013-04-06 23:00:00",87,4.315,83.7,0,7731,0,12.58
"2013-04-07 00:00:00",88,4.218,85.6,0,4441,0,12.57
"2013-04-07 01:00:00",89,4.044,87,0,2827,0,12.57
"2013-04-07 02:00:00",90,4.085,84.9,0,6679,0,12.57
"2013-04-07 03:00:00",91,4.132,83.9,0,7999,0,12.57
"2013-04-07 04:00:00",92,4.187,83.3,0,7999,0,12.57
"2013-04-07 05:00:00",93,4.066,84.4,0,7999,0,12.56
"2013-04-07 06:00:00",94,2.292,90.3,0,160.5,0.736,12.39
"2013-04-07 07:00:00",95,2.499,90.1,0,"NAN",0.378,12.39
"2013-04-07 08:00:00",96,5.136,77.58,0,"NAN",0,12.72
"2013-04-07 09:00:00",97,6.466,76.2,0,"NAN",0,13.72
"2013-04-07 10:00:00",98,7.937,68.07,0,"NAN",0,13.87
"2013-04-07 11:00:00",99,9.13,66.12,0,"NAN",0,13.84
"2013-04-07 12:00:00",100,10.27,62.67,0,"NAN",0,13.8
"2013-04-07 13:00:00",101,10.83,56.94,0,"NAN",0,13.78
"2013-04-07 14:00:00",102,11.04,53.38,0,"NAN",0,13.78
"2013-04-07 15:00:00",103,10.97,55.68,0,"NAN",0,13.78
"2013-04-07 16:00:00",104,11.31,55.26,0,"NAN",0,13.78
"2013-04-07 17:00:00",105,11.62,53.17,0,"NAN",0,13.78
"2013-04-07 18:00:00",106,10.47,61.28,0,"NAN",0,13.05
"2013-04-07 19:00:00",107,9.43,70.46,0,"NAN",0,12.53
"2013-04-07 20:00:00",108,8.21,75.87,0,"NAN",0,12.48
"2013-04-07 21:00:00",109,6.906,84.1,0,7999,0,12.45
"2013-04-07 22:00:00",110,7.117,85.5,0,7999,0,12.49
"2013-04-07 23:00:00",111,6.376,88.8,0,6009,0.094,12.59
"2013-04-08 00:00:00",112,5.847,91.4,0,999,0.086,12.57
"2013-04-08 01:00:00",113,6.356,88.8,0,7999,0,12.57
"2013-04-08 02:00:00",114,5.337,91.8,0,169.3,0.761,12.56
"2013-04-08 03:00:00",115,5.243,92.1,0,3240,0.103,12.55
"2013-04-08 04:00:00",116,5.057,91.1,0,1716,0,12.55
"2013-04-08 05:00:00",117,6.079,83.4,0,"NAN",0.119,12.54
"2013-04-08 06:00:00",118,6.902,77.24,0,"NAN",0,12.38
"2013-04-08 07:00:00",119,6.978,74.24,0,"NAN",0,12.26
"2013-04-08 08:00:00",120,7.85,71.35,0,"NAN",0,12.65
"2013-04-08 09:00:00",121,9.1,64.33,0,"NAN",0,13.42
"2013-04-08 10:00:00",122,10.07,63.24,0,"NAN",0,13.84
"2013-04-08 11:00:00",123,10.78,61.4,0,"NAN",0,13.82
"2013-04-08 12:00:00",124,12.51,49.38,0,"NAN",0,13.76
"2013-04-08 13:00:00",125,13.99,46.16,0,"NAN",0,13.72
"2013-04-08 14:00:00",126,14.51,44.3,0,"NAN",0,13.69
"2013-04-08 15:00:00",127,15.48,43.08,0,"NAN",0,13.66
"2013-04-08 16:00:00",128,16.25,39.52,0,"NAN",0,13.64
"2013-04-08 17:00:00",129,15.3,41.05,0,"NAN",0,13.5
"2013-04-08 18:00:00",130,14.15,45.36,0,"NAN",0,13.38
"2013-04-08 19:00:00",131,12.61,50.29,0,"NAN",0,12.53
"2013-04-08 20:00:00",132,11.74,54.11,0,"NAN",0,12.46
"2013-04-08 21:00:00",133,10.15,61.92,0,"NAN",0,12.42
"2013-04-08 22:00:00",134,8.17,72.24,0,"NAN",0,12.48
"2013-04-08 23:00:00",135,7.771,72.76,0,"NAN",0,12.56
"2013-04-09 00:00:00",136,6.318,77.93,0,"NAN",0,12.54
"2013-04-09 01:00:00",137,7.03,70.4,0,"NAN",0,12.53
"2013-04-09 02:00:00",138,7.877,66.85,0,"NAN",0,12.53
"2013-04-09 03:00:00",139,7.753,68.92,0,"NAN",0,12.52
"2013-04-09 04:00:00",140,7.114,72.58,0,"NAN",0,12.52
"2013-04-09 05:00:00",141,6.552,75.85,0,"NAN",0,12.52
"2013-04-09 06:00:00",142,4.68,84.3,0,7999,0,12.33
"2013-04-09 07:00:00",143,5.9,84.6,0,"NAN",0,12.35
"2013-04-09 08:00:00",144,9.16,75.62,0,"NAN",0,12.55
"2013-04-09 09:00:00",145,12.05,62.67,0,"NAN",0,13.02
"2013-04-09 10:00:00",146,13.57,57.16,0,"NAN",0,13.78
"2013-04-09 11:00:00",147,14.77,53.49,0,"NAN",0,13.73
"2013-04-09 12:00:00",148,15.44,50.36,0,"NAN",0.011,13.71
"2013-04-09 13:00:00",149,16.67,47.68,0,"NAN",0,13.66
"2013-04-09 14:00:00",150,16.56,47.77,0,"NAN",0,13.66
"2013-04-09 15:00:00",151,16.55,48.64,0,"NAN",0,13.64
"2013-04-09 16:00:00",152,15.81,47.39,0,"NAN",0,13.63
"2013-04-09 17:00:00",153,15.25,47,0,"NAN",0,13.65
"2013-04-09 18:00:00",154,14.46,49.07,0,"NAN",0,13.13
"2013-04-09 19:00:00",155,13.36,52.84,0,"NAN",0,12.52
"2013-04-09 20:00:00",156,11.95,59.72,0,"NAN",0,12.47
"2013-04-09 21:00:00",157,11.26,64.48,0,"NAN",0,12.42
"2013-04-09 22:00:00",158,9.26,74.15,0,"NAN",0,12.47
"2013-04-09 23:00:00",159,6.851,87.3,0,1645,0.242,12.55
"2013-04-10 00:00:00",160,5.369,93.3,0,33.98,1,12.53
"2013-04-10 01:00:00",161,6.022,94.5,0,38.76,1,12.52
"2013-04-10 02:00:00",162,5.391,94.1,0,24.84,1,12.52
"2013-04-10 03:00:00",163,4.733,95.7,0,43.86,1,12.51
"2013-04-10 04:00:00",164,3.331,96.2,0,77,1,12.5
"2013-04-10 05:00:00",165,2.725,97.8,0,87.2,1,12.49
"2013-04-10 06:00:00",166,3.102,98.4,0,59.97,1,12.31
"2013-04-10 07:00:00",167,5.514,97,0,3.67,1,12.3
"2013-04-10 08:00:00",168,9.59,79.39,0,"NAN",0.136,12.6
"2013-04-10 09:00:00",169,11.82,65.49,0,"NAN",0,13.34
"2013-04-10 10:00:00",170,13.24,60.58,0,"NAN",0,13.76
"2013-04-10 11:00:00",171,14.86,57.63,0,"NAN",0.014,13.7
"2013-04-10 12:00:00",172,15.27,58.74,0,"NAN",0,13.68
"2013-04-10 13:00:00",173,15.63,57.32,0,"NAN",0,13.42
"2013-04-10 14:00:00",174,17.36,54.16,0,"NAN",0,13.6
"2013-04-10 15:00:00",175,18.75,52.07,0,"NAN",0,13.56
"2013-04-10 16:00:00",176,17.75,54.28,0,"NAN",0,13.57
"2013-04-10 17:00:00",177,17.84,54.59,0,"NAN",0,13.23
"2013-04-10 18:00:00",178,16.65,63.4,0,"NAN",0,12.59
"2013-04-10 19:00:00",179,15.25,69.83,0,"NAN",0,12.51
"2013-04-10 20:00:00",180,13.76,74.86,0,"NAN",0,12.44
"2013-04-10 21:00:00",181,12.94,78.55,0,7999,0,12.41
"2013-04-10 22:00:00",182,11.77,84.9,0,4794,0,12.47
"2013-04-10 23:00:00",183,12.5,80.5,0,7999,0,12.56
"2013-04-11 00:00:00",184,13.19,75.01,0,7999,0,12.55
"2013-04-11 01:00:00",185,12.13,80.9,0,7999,0,12.55
"2013-04-11 02:00:00",186,10.75,86.4,0,1240,0.189,12.54
"2013-04-11 03:00:00",187,9.07,91.8,0,35.16,1,12.53
"2013-04-11 04:00:00",188,8.79,92.3,0,63.92,0.975,12.52
"2013-04-11 05:00:00",189,10.19,83,0,"NAN",0,12.52
"2013-04-11 06:00:00",190,9.31,90.3,0,1250,0,12.35
"2013-04-11 07:00:00",191,10.5,88.1,0,7999,0,12.37
"2013-04-11 08:00:00",192,12.45,81.5,0,"NAN",0,12.54
"2013-04-11 09:00:00",193,14.92,66.61,0,"NAN",0,13.31
"2013-04-11 10:00:00",194,17.02,50.24,0,"NAN",0,13.56
"2013-04-11 11:00:00",195,19.72,42.31,0,"NAN",0,13.65
"2013-04-11 12:00:00",196,19.64,42.86,0,"NAN",0,13.6
"2013-04-11 13:00:00",197,16.61,54.73,0,"NAN",0,12.99
"2013-04-11 14:00:00",198,12.55,81,0,7146,0.731,12.88
"2013-04-11 15:00:00",199,13.66,70.84,0,"NAN",0.506,13.41
"2013-04-11 16:00:00",200,12.41,71.63,0,"NAN",0.919,13.63
"2013-04-11 17:00:00",201,11.77,77.13,0,"NAN",0.367,13.58
"2013-04-11 18:00:00",202,12.73,64.33,0,"NAN",0,13.16
"2013-04-11 19:00:00",203,12.65,56.29,0,"NAN",0,12.48
"2013-04-11 20:00:00",204,9.93,68.26,0,"NAN",0,12.45
"2013-04-11 21:00:00",205,7.215,80.4,0,"NAN",0,12.43
"2013-04-11 22:00:00",206,5.385,88.7,0,2919,0,12.48
"2013-04-11 23:00:00",207,5.288,87.7,0,7999,0,12.55
"2013-04-12 00:00:00",208,4.867,90.3,0,7999,0.275,12.53
"2013-04-12 01:00:00",209,6.461,79.71,0,"NAN",0,12.53
"2013-04-12 02:00:00",210,6.705,73.69,0,"NAN",0,12.52
"2013-04-12 03:00:00",211,4.398,84.2,0,7999,0,12.51
"2013-04-12 04:00:00",212,4.364,82.1,0,"NAN",0,12.5
"2013-04-12 05:00:00",213,4.071,86.8,0,7999,0.003,12.49
"2013-04-12 06:00:00",214,3.134,91,0,246.2,0.733,12.31
"2013-04-12 07:00:00",215,4.625,89.7,0,"NAN",0.156,12.19
"2013-04-12 08:00:00",216,8.88,72.48,0,"NAN",0,12.48
"2013-04-12 09:00:00",217,11.1,65.14,0,"NAN",0,13.07
"2013-04-12 10:00:00",218,13.84,55.38,0,"NAN",0,13.58
"2013-04-12 11:00:00",219,15.54,50.25,0,"NAN",0,13.68
"2013-04-12 12:00:00",220,16.64,44.25,0,"NAN",0,13.66
"2013-04-12 13:00:00",221,16.26,42.97,0,"NAN",0,13.66
"2013-04-12 14:00:00",222,16.63,43.28,0,"NAN",0,13.67
"2013-04-12 15:00:00",223,17.14,43.98,0,"NAN",0,13.65
"2013-04-12 16:00:00",224,16.4,46.68,0,"NAN",0,13.64
"2013-04-12 17:00:00",225,15.84,49.99,0,"NAN",0,13.42
"2013-04-12 18:00:00",226,15.23,53.08,0,"NAN",0,12.75
"2013-04-12 19:00:00",227,13.97,58.67,0,"NAN",0,12.48
"2013-04-12 20:00:00",228,12.46,69.67,0,"NAN",0,12.48
"2013-04-12 21:00:00",229,12.17,70.94,0,"NAN",0,12.44
"2013-04-12 22:00:00",230,11.25,79.53,0,"NAN",0,12.48
"2013-04-12 23:00:00",231,10.63,84.9,0,"NAN",0,12.56
"2013-04-13 00:00:00",232,10.42,84.7,0,"NAN",0,12.55
"2013-04-13 01:00:00",233,10.16,82.2,0,"NAN",0,12.54
"2013-04-13 02:00:00",234,8.58,89.4,0,7999,0.017,12.53
"2013-04-13 03:00:00",235,6.42,93.2,0,93.2,0.986,12.51
"2013-04-13 04:00:00",236,5.099,95.5,0,156.9,0.164,12.5
"2013-04-13 05:00:00",237,3.699,96.7,0,186,0,12.48
"2013-04-13 06:00:00",238,3.206,98,0,178.8,0,12.29
"2013-04-13 07:00:00",239,6.735,96.8,0,"NAN",0.856,12.32
"2013-04-13 08:00:00",240,12.48,69.64,0,"NAN",0,12.87
"2013-04-13 09:00:00",241,13.63,63.46,0,"NAN",0,13.48
"2013-04-13 10:00:00",242,15.53,59.53,0,"NAN",0,13.68
"2013-04-13 11:00:00",243,16.45,59.35,0,"NAN",0,13.68
"2013-04-13 12:00:00",244,17.53,57.79,0,"NAN",0,13.66
"2013-04-13 13:00:00",245,18.38,55.36,0,"NAN",0,13.61
"2013-04-13 14:00:00",246,19.69,52.99,0,"NAN",0,13.58
"2013-04-13 15:00:00",247,20.54,47.63,0,"NAN",0,13.55
"2013-04-13 16:00:00",248,21.08,46.49,0,"NAN",0,13.53
"2013-04-13 17:00:00",249,20.97,43.4,0,"NAN",0,13.51
"2013-04-13 18:00:00",250,20.17,44.2,0,"NAN",0,13.21
"2013-04-13 19:00:00",251,17.92,53.14,0,"NAN",0,12.53
"2013-04-13 20:00:00",252,13.64,71.52,0,"NAN",0,12.48
"2013-04-13 21:00:00",253,11.33,80.3,0,"NAN",0,12.44
"2013-04-13 22:00:00",254,8.54,91.2,0,98.8,0.789,12.49
"2013-04-13 23:00:00",255,7.094,93.4,0,62.76,1,12.55
"2013-04-14 00:00:00",256,5.696,95.8,0,110,1,12.53
"2013-04-14 01:00:00",257,4.6,97,0,115.7,1,12.51
"2013-04-14 02:00:00",258,4.934,97.6,0,109.7,1,12.49
"2013-04-14 03:00:00",259,4.303,97.4,0,108.1,1,12.48
"2013-04-14 04:00:00",260,3.241,98.1,0,114.2,1,12.47
"2013-04-14 05:00:00",261,3.833,98.6,0,106.6,1,12.47
"2013-04-14 06:00:00",262,4.216,98.5,0,97.5,1,12.28
"2013-04-14 07:00:00",263,6.823,97.3,0,57.12,1,12.31
"2013-04-14 08:00:00",264,11.55,79.84,0,"NAN",0.469,12.55
"2013-04-14 09:00:00",265,14.39,69.65,0,"NAN",0,13.34
"2013-04-14 10:00:00",266,16.68,62.97,0,"NAN",0,13.56
"2013-04-14 11:00:00",267,18.45,57.92,0,"NAN",0.008,13.65
"2013-04-14 12:00:00",268,20.26,53.6,0,"NAN",0,13.61
"2013-04-14 13:00:00",269,22.24,49.87,0,"NAN",0,13.58
"2013-04-14 14:00:00",270,24.68,42.93,0,"NAN",0,13.52
"2013-04-14 15:00:00",271,24.85,39.26,0,"NAN",0,13.49
"2013-04-14 16:00:00",272,24.8,36.76,0,"NAN",0,13.46
"2013-04-14 17:00:00",273,24.51,36.82,0,"NAN",0,13.42
"2013-04-14 18:00:00",274,24.29,37.28,0,"NAN",0,13.14
"2013-04-14 19:00:00",275,21.2,44.72,0,"NAN",0,12.52
"2013-04-14 20:00:00",276,18.75,51.33,0,"NAN",0,12.5
"2013-04-14 21:00:00",277,16.98,56.97,0,"NAN",0,12.46
"2013-04-14 22:00:00",278,15.55,54.79,0,"NAN",0.078,12.5
"2013-04-14 23:00:00",279,14.29,58.18,0,"NAN",0.372,12.57
"2013-04-15 00:00:00",280,13.36,60.39,0,"NAN",0,12.56
"2013-04-15 01:00:00",281,12.01,66.64,0,"NAN",0,12.54
"2013-04-15 02:00:00",282,9.25,81.1,0,2005,0.142,12.53
"2013-04-15 03:00:00",283,7.724,89.2,0,166.8,0.533,12.51
"2013-04-15 04:00:00",284,6.74,93.1,0,14.21,1,12.5
"2013-04-15 05:00:00",285,5.977,94.2,0,17.22,1,12.48
"2013-04-15 06:00:00",286,5.479,96.4,0,29.57,1,12.3
"2013-04-15 07:00:00",287,7.706,95.2,0,7999,0.544,12.13
"2013-04-15 08:00:00",288,10.9,76.43,0,"NAN",0,12.63
"2013-04-15 09:00:00",289,13.12,60.09,0,"NAN",0,13.12
"2013-04-15 10:00:00",290,14.77,56.11,0,"NAN",0,13.75
"2013-04-15 11:00:00",291,16.02,54.46,0,"NAN",0,13.71
"2013-04-15 12:00:00",292,16.88,55.65,0,"NAN",0,13.67
"2013-04-15 13:00:00",293,18.49,57.51,0,"NAN",0,13.65
"2013-04-15 14:00:00",294,20.02,53.49,0,"NAN",0,13.57
"2013-04-15 15:00:00",295,21.17,49.49,0,"NAN",0,13.53
"2013-04-15 16:00:00",296,21.86,47.28,0,"NAN",0,13.51
"2013-04-15 17:00:00",297,21.66,48.1,0,"NAN",0,13.51
"2013-04-15 18:00:00",298,21.23,51.58,0,"NAN",0,13.35
"2013-04-15 19:00:00",299,19.38,59.94,0,"NAN",0,12.55
"2013-04-15 20:00:00",300,14.73,79.14,0,"NAN",0,12.49
"2013-04-15 21:00:00",301,12.26,89.1,0,1568,0.169,12.46
"2013-04-15 22:00:00",302,12.55,87.3,0,7999,0,12.5
"2013-04-15 23:00:00",303,13.19,83.2,0,7999,0,12.58
"2013-04-16 00:00:00",304,14.54,77.04,0,7999,0,12.56
"2013-04-16 01:00:00",305,13.5,79.79,0,7999,0,12.56
"2013-04-16 02:00:00",306,12.67,81.7,0,7999,0,12.55
"2013-04-16 03:00:00",307,11.48,85.9,0,7999,0,12.54
"2013-04-16 04:00:00",308,10.77,87.5,0,7999,0.169,12.53
"2013-04-16 05:00:00",309,8.37,93.7,0,29.02,1,12.51
"2013-04-16 06:00:00",310,7.68,95.2,0,44.61,1,12.32
"2013-04-16 07:00:00",311,9.08,96.1,0,7999,0.764,12.33
"2013-04-16 08:00:00",312,13.57,79.74,0,"NAN",0,12.7
"2013-04-16 09:00:00",313,15.48,72.58,0,"NAN",0,13.26
"2013-04-16 10:00:00",314,17.81,63.93,0,"NAN",0,13.68
"2013-04-16 11:00:00",315,19.85,54.92,0,"NAN",0,13.63
"2013-04-16 12:00:00",316,21.3,44.91,0,"NAN",0,13.59
"2013-04-16 13:00:00",317,22.42,40.54,0,"NAN",0,13.54
"2013-04-16 14:00:00",318,23.33,40.28,0,"NAN",0,13.53
"2013-04-16 15:00:00",319,24.06,40.1,0,"NAN",0,13.49
"2013-04-16 16:00:00",320,24.5,40.95,0,"NAN",0,13.45
"2013-04-16 17:00:00",321,24.28,43.16,0,"NAN",0,13.45
"2013-04-16 18:00:00",322,22.83,48.51,0,"NAN",0,13.23
"2013-04-16 19:00:00",323,20.74,58.22,0,"NAN",0,12.53
"2013-04-16 20:00:00",324,16.31,76.05,0,"NAN",0,12.5
"2013-04-16 21:00:00",325,14.11,85,0,7999,0,12.47
"2013-04-16 22:00:00",326,12.84,87.1,0,6387,0,12.5
"2013-04-16 23:00:00",327,11.74,90.9,0,449.2,0.65,12.56
"2013-04-17 00:00:00",328,11.25,91.8,0,45.19,1,12.55
"2013-04-17 01:00:00",329,9.77,94,0,22.87,1,12.53
"2013-04-17 02:00:00",330,8.71,95.9,0,38.69,1,12.52
"2013-04-17 03:00:00",331,7.716,96.7,0,50.67,1,12.51
"2013-04-17 04:00:00",332,7.404,97.4,0,56.15,1,12.49
"2013-04-17 05:00:00",333,7.665,98,0,58.21,1,12.49
"2013-04-17 06:00:00",334,7.876,98.2,0,54.21,1,12.31
"2013-04-17 07:00:00",335,10.38,99.2,0,7.226,1,12.33
"2013-04-17 08:00:00",336,13.78,90.4,0,"NAN",0.758,12.5
"2013-04-17 09:00:00",337,16.99,74.57,0,"NAN",0,13.07
"2013-04-17 10:00:00",338,18.81,68.91,0,"NAN",0,13.36
"2013-04-17 11:00:00",339,20.93,61.16,0,"NAN",0,13.59
"2013-04-17 12:00:00",340,22.37,54.94,0,"NAN",0,13.57
"2013-04-17 13:00:00",341,24.01,51.89,0,"NAN",0,13.54
"2013-04-17 14:00:00",342,25.27,46.45,0,"NAN",0,13.49
"2013-04-17 15:00:00",343,26.15,42.97,0,"NAN",0,13.44
"2013-04-17 16:00:00",344,26.62,41.77,0,"NAN",0,13.41
"2013-04-17 17:00:00",345,26.9,40.14,0,"NAN",0,13.4
"2013-04-17 18:00:00",346,25.98,42.53,0,"NAN",0,13
"2013-04-17 19:00:00",347,23.73,53.78,0,"NAN",0,12.54
"2013-04-17 20:00:00",348,17.99,72.89,0,2021,0,12.5
"2013-04-17 21:00:00",349,14.99,84.3,0,122.6,0.836,12.43
"2013-04-17 22:00:00",350,14.52,81.9,0,1146,0.244,12.49
"2013-04-17 23:00:00",351,12.92,80.4,0,680,0.122,12.55
"2013-04-18 00:00:00",352,11.8,74.98,0,6743,0,12.54
"2013-04-18 01:00:00",353,9.59,85.4,0,229.6,0.578,12.52
"2013-04-18 02:00:00",354,10.55,69.68,0,"NAN",0.142,12.51
"2013-04-18 03:00:00",355,10.82,64.33,0,"NAN",0,12.5
"2013-04-18 04:00:00",356,10.62,63.99,0,"NAN",0,12.5
"2013-04-18 05:00:00",357,9.23,75.12,0,7999,0,12.49
"2013-04-18 06:00:00",358,9.19,83.7,0,886,0,12.31
"2013-04-18 07:00:00",359,10.84,79.62,0,7999,0,12.31
"2013-04-18 08:00:00",360,12.49,74.76,0,"NAN",0,12.54
"2013-04-18 09:00:00",361,14.31,68.31,0,"NAN",0,12.91
"2013-04-18 10:00:00",362,15.44,65.99,0,"NAN",0,13.3
"2013-04-18 11:00:00",363,15.72,66.01,0,"NAN",0,13.67
"2013-04-18 12:00:00",364,15.61,67.07,0,"NAN",0,13.64
"2013-04-18 13:00:00",365,13.47,74.29,0,"NAN",0,13.3
"2013-04-18 14:00:00",366,12.98,74.87,0,"NAN",0,12.99
"2013-04-18 15:00:00",367,12.63,76.41,0,"INF",0,12.79
"2013-04-18 16:00:00",368,12.36,75.01,0,"NAN",0,12.73
"2013-04-18 17:00:00",369,12.02,75.05,0,"NAN",0,12.49
"2013-04-18 18:00:00",370,11.13,78.9,0,7999,0,12.47
"2013-04-18 19:00:00",371,10.16,80.3,0,7999,0,12.42
"2013-04-18 20:00:00",372,9.44,83.8,0,4225,0,12.36
"2013-04-18 21:00:00",373,9.16,81.4,0,7999,0,12.33
"2013-04-18 22:00:00",374,8.84,79.78,0,7999,0,12.39
"2013-04-18 23:00:00",375,8.52,79.32,0,7999,0,12.5
"2013-04-19 00:00:00",376,8.41,77.96,0,7999,0,12.5
"2013-04-19 01:00:00",377,8.46,78.1,0,7999,0,12.49
"2013-04-19 02:00:00",378,8.16,80.3,0,7999,0,12.49
"2013-04-19 03:00:00",379,7.799,79.92,0,7999,0.022,12.49
"2013-04-19 04:00:00",380,7.198,82.8,0,2555,0.583,12.49
"2013-04-19 05:00:00",381,6.988,82.8,0,1420,0.344,12.48
"2013-04-19 06:00:00",382,6.692,85.7,0,2.273,1,12.3
"2013-04-19 07:00:00",383,6.416,86.9,0,5.333,1,12.3
"2013-04-19 08:00:00",384,7.555,77.76,0,30.59,1,12.35
"2013-04-19 09:00:00",385,9.46,65.8,0,4283,0.364,12.91
"2013-04-19 10:00:00",386,9.86,64.12,0,7999,0,13.34
"2013-04-19 11:00:00",387,10.78,62.53,0,"NAN",0,13.55
"2013-04-19 12:00:00",388,10.77,60.22,0,"NAN",0,13.74
"2013-04-19 13:00:00",389,12.09,50.1,0,"NAN",0,13.78
"2013-04-19 14:00:00",390,11.5,52.81,0,"NAN",0.017,13.72
"2013-04-19 15:00:00",391,12.75,45.96,0,"NAN",0,13.74
"2013-04-19 16:00:00",392,11.37,49.76,0,"NAN",0,13.69
"2013-04-19 17:00:00",393,12.08,43.16,0,"NAN",0,13.75
"2013-04-19 18:00:00",394,11.33,43.05,0,"NAN",0,13.44
"2013-04-19 19:00:00",395,9.06,49.66,0,"NAN",0,12.53
"2013-04-19 20:00:00",396,6.611,59.88,0,7999,0,12.46
"2013-04-19 21:00:00",397,5.009,66.55,0,3453,0,12.45
"2013-04-19 22:00:00",398,1.983,84.3,0,431.6,0,12.49
"2013-04-19 23:00:00",399,1.083,88.8,0,215,0.194,12.58
"2013-04-20 00:00:00",400,0.181,93.7,0,46.72,1,12.55
"2013-04-20 01:00:00",401,-0.633,96.1,0,55.73,1,12.54
"2013-04-20 02:00:00",402,-0.192,97.9,0,78.67,1,12.53
"2013-04-20 03:00:00",403,1.626,98.3,0,35.4,1,12.52
"2013-04-20 04:00:00",404,3.408,88.9,0,182.3,0.417,12.52
"2013-04-20 05:00:00",405,1.078,92.1,0,26.24,1,12.52
"2013-04-20 06:00:00",406,3.536,90.1,0,793.3,0.161,12.33
"2013-04-20 07:00:00",407,5.847,76.5,0,7999,0,12.35
"2013-04-20 08:00:00",408,7.143,70.41,0,"NAN",0,12.63
"2013-04-20 09:00:00",409,8.58,64.8,0,"NAN",0,13.04
"2013-04-20 10:00:00",410,10.21,60,0,"NAN",0,13.64
"2013-04-20 11:00:00",411,11.19,54.67,0,"NAN",0,13.74
"2013-04-20 12:00:00",412,12.11,49.59,0,"NAN",0,13.78
"2013-04-20 13:00:00",413,13.18,45.89,0,"NAN",0,13.73
"2013-04-20 14:00:00",414,14.29,42.29,0,"NAN",0,13.7
"2013-04-20 15:00:00",415,15.06,39.26,0,"NAN",0,13.66
"2013-04-20 16:00:00",416,15.26,38.25,0,"NAN",0,13.61
"2013-04-20 17:00:00",417,15.1,35.36,0,"NAN",0,13.61
"2013-04-20 18:00:00",418,13.22,34.62,0,"NAN",0,13.28
"2013-04-20 19:00:00",419,10.48,37.75,0,"NAN",0,12.49
"2013-04-20 20:00:00",420,7.54,45.27,0,"NAN",0,12.47
"2013-04-20 21:00:00",421,4.469,62.22,0,"NAN",0,12.43
"2013-04-20 22:00:00",422,1.995,78.82,0,7999,0,12.47
"2013-04-20 23:00:00",423,-0.587,91.2,0,105.6,0.744,12.54
"2013-04-21 00:00:00",424,-1.53,95.7,0,26.42,1,12.51
"2013-04-21 01:00:00",425,-1.514,95.1,0,28.76,1,12.49
"2013-04-21 02:00:00",426,-1.934,95,0,25.04,1,12.48
"2013-04-21 03:00:00",427,-2.015,95.8,0,23.82,1,12.46
"2013-04-21 04:00:00",428,-2.419,96,0,25.21,1,12.46
"2013-04-21 05:00:00",429,-2.724,96.7,0,28.64,1,12.44
"2013-04-21 06:00:00",430,-2.836,97.5,0,32.59,1,12.24
"2013-04-21 07:00:00",431,0.153,93.9,0,2284,0.683,12.28
"2013-04-21 08:00:00",432,3.741,76.61,0,"NAN",0,12.6
"2013-04-21 09:00:00",433,7.874,60.75,0,"NAN",0,13.03
"2013-04-21 10:00:00",434,11.02,49.04,0,"NAN",0,13.41
"2013-04-21 11:00:00",435,12.78,41.33,0,"NAN",0.075,13.78
"2013-04-21 12:00:00",436,14.13,38.73,0,"NAN",0.011,13.75
"2013-04-21 13:00:00",437,15.61,34.35,0,"NAN",0,13.73
"2013-04-21 14:00:00",438,16.23,33.11,0,"NAN",0,13.68
"2013-04-21 15:00:00",439,16.87,29.9,0,"NAN",0,13.63
"2013-04-21 16:00:00",440,17.04,30.15,0,"NAN",0,13.61
"2013-04-21 17:00:00",441,16.66,32.25,0,"NAN",0,13.59
"2013-04-21 18:00:00",442,14.21,39.05,0,"NAN",0,13.41
"2013-04-21 19:00:00",443,11.41,52.03,0,"NAN",0,12.52
"2013-04-21 20:00:00",444,7.973,65.14,0,"NAN",0,12.46
"2013-04-21 21:00:00",445,6.791,65.67,0,"INF",0,12.43
"2013-04-21 22:00:00",446,7.783,61.21,0,"NAN",0,12.48
"2013-04-21 23:00:00",447,7.099,66.65,0,7999,0,12.56
"2013-04-22 00:00:00",448,6.554,69.88,0,7999,0,12.55
"2013-04-22 01:00:00",449,6.198,73.63,0,7999,0,12.54
"2013-04-22 02:00:00",450,6.157,74.11,0,7999,0,12.53
"2013-04-22 03:00:00",451,5.534,78.37,0,1900,0,12.52
"2013-04-22 04:00:00",452,5.357,79.88,0,1406,0,12.51
"2013-04-22 05:00:00",453,5.094,82.2,0,801,0,12.49
"2013-04-22 06:00:00",454,5.561,80.4,0,3785,0,12.32
"2013-04-22 07:00:00",455,6.94,74.61,0,7999,0,12.32
"2013-04-22 08:00:00",456,8.15,69.41,0,"NAN",0,12.56
"2013-04-22 09:00:00",457,9.83,63.95,0,"NAN",0,12.82
"2013-04-22 10:00:00",458,11.01,58.95,0,"NAN",0,13.44
"2013-04-22 11:00:00",459,10.88,59.94,0,"NAN",0,13.66
"2013-04-22 12:00:00",460,11.22,56.83,0,"NAN",0,13.79
"2013-04-22 13:00:00",461,12.52,53.71,0,"NAN",0,13.75
"2013-04-22 14:00:00",462,13.31,51.38,0,"NAN",0,13.54
"2013-04-22 15:00:00",463,13.66,50.58,0,"NAN",0,13.7
"2013-04-22 16:00:00",464,14.82,47.56,0,"NAN",0,13.64
"2013-04-22 17:00:00",465,13.03,53.19,0,"NAN",0,13.66
"2013-04-22 18:00:00",466,13.15,53.36,0,"NAN",0,13.43
"2013-04-22 19:00:00",467,10.82,62.82,0,"NAN",0,12.52
"2013-04-22 20:00:00",468,9.72,68.5,0,"NAN",0,12.46
"2013-04-22 21:00:00",469,9.22,72.19,0,"NAN",0,12.45
"2013-04-22 22:00:00",470,8.77,75.3,0,7999,0,12.5
"2013-04-22 23:00:00",471,7.212,80.9,0,2296,0,12.57
"2013-04-23 00:00:00",472,6.647,82.6,0,808,0.103,12.55
"2013-04-23 01:00:00",473,5.727,88.3,0,59.49,0.911,12.53
"2013-04-23 02:00:00",474,5.951,85.8,0,285.6,0.336,12.52
"2013-04-23 03:00:00",475,4.126,88.5,0,44.15,0.908,12.5
"2013-04-23 04:00:00",476,1.647,94.4,0,7.936,1,12.48
"2013-04-23 05:00:00",477,0.275,96.7,0,11.19,1,12.47
"2013-04-23 06:00:00",478,0.377,98.3,0,13.37,1,12.25
"2013-04-23 07:00:00",479,4.762,94,0,7999,0.8,12.27
"2013-04-23 08:00:00",480,9.12,69.98,0,"NAN",0.169,12.55
"2013-04-23 09:00:00",481,11.2,58.32,0,"NAN",0,12.95
"2013-04-23 10:00:00",482,12.48,55.09,0,"NAN",0,13.13
"2013-04-23 11:00:00",483,13.6,54.16,0,"NAN",0,13.6
"2013-04-23 12:00:00",484,15.07,50,0,"NAN",0,13.63
"2013-04-23 13:00:00",485,16.3,47.47,0,"NAN",0,13.58
"2013-04-23 14:00:00",486,17.27,44.4,0,"NAN",0,13.58
"2013-04-23 15:00:00",487,18.4,40.22,0,"NAN",0,13.31
"2013-04-23 16:00:00",488,19.12,35.74,0,"NAN",0,13.52
"2013-04-23 17:00:00",489,20.08,32.75,0,"NAN",0,13.19
"2013-04-23 18:00:00",490,19.13,32.36,0,"NAN",0,13.2
"2013-04-23 19:00:00",491,17.23,41.38,0,"NAN",0,12.51
"2013-04-23 20:00:00",492,11.31,64.01,0,"NAN",0,12.19
"2013-04-23 21:00:00",493,8.55,74.35,0,7999,0,12.38
"2013-04-23 22:00:00",494,6.313,84.6,0,173.7,0.733,12.47
"2013-04-23 23:00:00",495,4.872,91.3,0,21.77,1,12.53
"2013-04-24 00:00:00",496,3.828,93.7,0,8.76,1,12.51
"2013-04-24 01:00:00",497,2.981,95.5,0,8.61,1,12.49
"2013-04-24 02:00:00",498,2.317,96.8,0,11.62,1,12.48
"2013-04-24 03:00:00",499,2.102,97.6,0,14.42,1,12.46
"2013-04-24 04:00:00",500,2.062,98.4,0,17.53,1,12.45
"2013-04-24 05:00:00",501,3.446,99,0,19.82,1,12.44
"2013-04-24 06:00:00",502,3.085,99.1,0,16.53,1,12.25
"2013-04-24 07:00:00",503,6.093,98.1,0,7.71,1,12.27
"2013-04-24 08:00:00",504,9.56,80.6,0,"NAN",0.069,12.56
"2013-04-24 09:00:00",505,12.91,67.57,0,"NAN",0,12.96
"2013-04-24 10:00:00",506,15.81,58.4,0,"NAN",0,13.07
"2013-04-24 11:00:00",507,17.68,53.25,0,"NAN",0,13.28
"2013-04-24 12:00:00",508,19.5,48.49,0,"NAN",0,13.32
"2013-04-24 13:00:00",509,20.7,43.33,0,"NAN",0,13.23
"2013-04-24 14:00:00",510,21.49,38.13,0,"NAN",0,13.23
"2013-04-24 15:00:00",511,21.66,34.92,0,"NAN",0,13.19
"2013-04-24 16:00:00",512,21.6,35.48,0,"NAN",0,13.19
"2013-04-24 17:00:00",513,21.22,34.75,0,"NAN",0,13.19
"2013-04-24 18:00:00",514,20.07,35.68,0,"NAN",0,12.95
"2013-04-24 19:00:00",515,17.78,39.72,0,"NAN",0,12.21
"2013-04-24 20:00:00",516,14.94,44.42,0,"NAN",0,12.13
"2013-04-24 21:00:00",517,12.82,50.07,0,"NAN",0,12.04
"2013-04-24 22:00:00",518,10.72,54.15,0,"NAN",0,12.43
"2013-04-24 23:00:00",519,9.27,62.39,0,"NAN",0,12.51
"2013-04-25 00:00:00",520,8.8,64.67,0,"NAN",0,12.5
"2013-04-25 01:00:00",521,9.16,61.64,0,"NAN",0,12.49
"2013-04-25 02:00:00",522,7.544,72.74,0,"NAN",0,12.49
"2013-04-25 03:00:00",523,4.731,85.8,0,277.7,0.422,12.47
"2013-04-25 04:00:00",524,3.448,89.9,0,61.12,0.875,12.46
"2013-04-25 05:00:00",525,2.059,94.6,0,8.78,1,12.45
"2013-04-25 06:00:00",526,1.513,97,0,9.1,1,12.25
"2013-04-25 07:00:00",527,5.767,92.1,0,"NAN",0.431,12.29
"2013-04-25 08:00:00",528,11.48,65.68,0,"NAN",0,12.52
"2013-04-25 09:00:00",529,14.53,56.16,0,"NAN",0,12.68
"2013-04-25 10:00:00",530,17.2,52.82,0,"NAN",0,12.75
"2013-04-25 11:00:00",531,19.44,48.79,0,"NAN",0,12.92
"2013-04-25 12:00:00",532,21.06,44.92,0,"NAN",0,13.59
"2013-04-25 13:00:00",533,22.25,41.89,0,"NAN",0,13.54
"2013-04-25 14:00:00",534,21.7,42.96,0,"NAN",0,13.54
"2013-04-25 15:00:00",535,20.18,48.69,0,"NAN",0,13.06
"2013-04-25 16:00:00",536,19.12,53.32,0,"NAN",0,12.62
"2013-04-25 17:00:00",537,18.06,57.28,0,"NAN",0,12.5
"2013-04-25 18:00:00",538,17.04,60.93,0,"NAN",0,12.49
"2013-04-25 19:00:00",539,15.4,71.87,0,"NAN",0.389,12.47
"2013-04-25 20:00:00",540,14.22,79.78,0,1033,0,12.44
"2013-04-25 21:00:00",541,13.7,81.1,0,743,0,12.42
"2013-04-25 22:00:00",542,13.24,84.4,0,332.1,0,12.46
"2013-04-25 23:00:00",543,12.74,86.9,0,130.1,0.761,12.54
"2013-04-26 00:00:00",544,12.63,88.3,0,111.5,0.953,12.53
"2013-04-26 01:00:00",545,12.08,90.6,0,45.14,1,12.53
"2013-04-26 02:00:00",546,11.87,91.7,0,41.42,1,12.52
"2013-04-26 03:00:00",547,11.76,91.5,0,45.41,1,12.52
"2013-04-26 04:00:00",548,11.58,93.3,0,3.517,1,12.51
"2013-04-26 05:00:00",549,11.31,95.6,0,1.041,1,12.5
"2013-04-26 06:00:00",550,11.26,96.6,0,2.251,1,12.35
"2013-04-26 07:00:00",551,11.74,96.9,0,3.677,1,12.33
"2013-04-26 08:00:00",552,12.39,95.5,0,3.498,1,12.35
"2013-04-26 09:00:00",553,13.04,94.1,0,3.056,1,12.07
"2013-04-26 10:00:00",554,12.93,95.2,0,4.526,1,12.4
"2013-04-26 11:00:00",555,13.85,93,0,15.31,1,12.66
"2013-04-26 12:00:00",556,12.73,92.3,0,4.806,1,12.67
"2013-04-26 13:00:00",557,12.01,90.2,0,10.42,1,12.61
"2013-04-26 14:00:00",558,11.68,86.7,0,2384,0.692,12.59
"2013-04-26 15:00:00",559,12.02,78.79,0,"NAN",0.131,12.81
"2013-04-26 16:00:00",560,12.05,74.22,0,"NAN",0,12.86
"2013-04-26 17:00:00",561,11.63,74.35,0,"NAN",0,12.72
"2013-04-26 18:00:00",562,11.19,76.6,0,"NAN",0,12.44
"2013-04-26 19:00:00",563,10.14,80.8,0,7999,0,12.35
"2013-04-26 20:00:00",564,9.52,83.4,0,3587,0,12.32
"2013-04-26 21:00:00",565,8.79,84,0,6204,0,12.32
"2013-04-26 22:00:00",566,7.367,87.2,0,750.6,0.661,12.38
"2013-04-26 23:00:00",567,5.743,92,0,6.543,1,12.47
"2013-04-27 00:00:00",568,5.015,94.3,0,10.9,1,12.46
"2013-04-27 01:00:00",569,4.358,94.9,0,10.73,1,12.46
"2013-04-27 02:00:00",570,3.888,96.1,0,15.32,1,12.44
"2013-04-27 03:00:00",571,3.873,95.6,0,13.29,1,12.44
"2013-04-27 04:00:00",572,3.666,93.8,0,10.95,1,12.44
"2013-04-27 05:00:00",573,3.37,92.8,0,13.01,1,12.43
"2013-04-27 06:00:00",574,3.153,91.3,0,8.86,1,12.26
"2013-04-27 07:00:00",575,3.496,89.4,0,7999,0.375,12.24
"2013-04-27 08:00:00",576,4.955,81.1,0,"NAN",0,12.33
"2013-04-27 09:00:00",577,6.504,70.3,0,"NAN",0,12.83
"2013-04-27 10:00:00",578,7.107,64.7,0,"NAN",0,13.11
"2013-04-27 11:00:00",579,7.392,68.39,0,"NAN",0.05,12.96
"2013-04-27 12:00:00",580,8.18,72.37,0,"NAN",0.136,13.3
"2013-04-27 13:00:00",581,8.13,65.59,0,"NAN",0.267,13
"2013-04-27 14:00:00",582,5.889,82,0,370.7,0.939,13.04
"2013-04-27 15:00:00",583,8.12,70.27,0,"NAN",0,13.73
"2013-04-27 16:00:00",584,8.37,62.74,0,"NAN",0,13.32
"2013-04-27 17:00:00",585,6.617,71.59,0,"NAN",0.233,13.22
"2013-04-27 18:00:00",586,5.701,73.95,0,"NAN",0.156,13.14
"2013-04-27 19:00:00",587,5.335,72.43,0,"NAN",0,12.56
"2013-04-27 20:00:00",588,4.331,76.99,0,"NAN",0,12.49
"2013-04-27 21:00:00",589,3.315,78.78,0,"NAN",0,12.49
"2013-04-27 22:00:00",590,2.493,85.8,0,7999,0,12.54
"2013-04-27 23:00:00",591,2.402,87.4,0,7999,0,12.64
"2013-04-28 00:00:00",592,2.464,85.4,0,"NAN",0,12.63
"2013-04-28 01:00:00",593,2.851,83.2,0,"NAN",0,12.62
"2013-04-28 02:00:00",594,2.456,84,0,"NAN",0,12.62
"2013-04-28 03:00:00",595,1.626,87.2,0,7999,0,12.61
"2013-04-28 04:00:00",596,1.127,90.6,0,7999,0,12.6
"2013-04-28 05:00:00",597,1.648,89.6,0,7999,0,12.6
"2013-04-28 06:00:00",598,1.79,87.8,0,"INF",0,12.43
"2013-04-28 07:00:00",599,2.627,84.1,0,"NAN",0,12.43
"2013-04-28 08:00:00",600,4.072,78.67,0,"NAN",0,12.52
"2013-04-28 09:00:00",601,5.803,69.19,0,"NAN",0,13
"2013-04-28 10:00:00",602,6.961,62.18,0,"NAN",0,13.59
"2013-04-28 11:00:00",603,6.815,62.97,0,"NAN",0,13.42
"2013-04-28 12:00:00",604,8,56.58,0,"NAN",0,13.66
"2013-04-28 13:00:00",605,8.8,51.9,0,"NAN",0,13.84
"2013-04-28 14:00:00",606,8.74,51,0,"NAN",0,13.6
"2013-04-28 15:00:00",607,8.31,51.71,0,"NAN",0,13.31
"2013-04-28 16:00:00",608,7.933,54.18,0,"NAN",0,12.71
"2013-04-28 17:00:00",609,7.418,56.68,0,"NAN",0,12.52
"2013-04-28 18:00:00",610,6.801,62.49,0,"NAN",0.622,12.46
"2013-04-28 19:00:00",611,5.887,73.28,0,3.53,1,12.44
"2013-04-28 20:00:00",612,5.065,86.2,0,8.07,1,12.42
"2013-04-28 21:00:00",613,4.681,93,0,12.7,1,12.41
"2013-04-28 22:00:00",614,4.513,95.5,0,13.92,1,12.47
"2013-04-28 23:00:00",615,4.048,96.5,0,25.89,1,12.57
"2013-04-29 00:00:00",616,3.818,97.2,0,30.62,1,12.56
"2013-04-29 01:00:00",617,4.109,97.8,0,29.91,1,12.56
"2013-04-29 02:00:00",618,4.213,98,0,20.17,1,12.55
"2013-04-29 03:00:00",619,4.194,98,0,18.18,1,12.55
"2013-04-29 04:00:00",620,4.216,97.8,0,17.96,1,12.55
"2013-04-29 05:00:00",621,4.276,97.7,0,19.96,1,12.55
"2013-04-29 06:00:00",622,4.469,96.5,0,19.46,1,12.39
"2013-04-29 07:00:00",623,5.391,90.5,0,57.09,0.903,12.4
"2013-04-29 08:00:00",624,6.538,82.2,0,7999,0.631,12.47
"2013-04-29 09:00:00",625,7.423,74.44,0,"NAN",0,12.18
"2013-04-29 10:00:00",626,8.22,68.09,0,"NAN",0.119,12.71
"2013-04-29 11:00:00",627,8.61,64.66,0,"NAN",0,13.01
"2013-04-29 12:00:00",628,8.8,63.24,0,"NAN",0,13
"2013-04-29 13:00:00",629,8.58,64.35,0,"NAN",0,12.91
"2013-04-29 14:00:00",630,7.412,78.92,0,34.99,0.969,12.8
"2013-04-29 15:00:00",631,8.04,78.37,0,300.8,0.642,12.84
"2013-04-29 16:00:00",632,7.572,76.25,0,"NAN",0.283,12.52
"2013-04-29 17:00:00",633,7.184,77.44,0,"NAN",0.558,12.44
"2013-04-29 18:00:00",634,5.786,90.3,0,18.85,1,12.39
"2013-04-29 19:00:00",635,5.122,93.9,0,31.01,1,12.36
"2013-04-29 20:00:00",636,4.546,95.6,0,23.12,1,12.34
"2013-04-29 21:00:00",637,4.368,95.5,0,17.49,1,12.31
"2013-04-29 22:00:00",638,4.221,95.7,0,20.08,1,12.37
"2013-04-29 23:00:00",639,3.995,96.3,0,23.92,1,12.47
"2013-04-30 00:00:00",640,4.153,96.5,0,22.39,1,12.47
"2013-04-30 01:00:00",641,4.343,96.4,0,21.76,1,12.47
"2013-04-30 02:00:00",642,4.28,96.4,0,28.81,1,12.46
"2013-04-30 03:00:00",643,4.351,96.6,0,29.98,1,12.46
"2013-04-30 04:00:00",644,4.482,96.4,0,41.72,1,12.46
"2013-04-30 05:00:00",645,4.209,96.1,0,74.06,1,12.46
"2013-04-30 06:00:00",646,4.135,96.5,0,82.3,1,12.27
"2013-04-30 07:00:00",647,4.371,96.2,0,56.37,1,12.27
"2013-04-30 08:00:00",648,5.054,92.8,0,697.5,0.706,12.29
"2013-04-30 09:00:00",649,6.574,87.5,0,"NAN",0,12.41
"2013-04-30 10:00:00",650,7.687,82,0,"NAN",0.311,12.81
"2013-04-30 11:00:00",651,9.02,77.43,0,"NAN",0.275,13.08
"2013-04-30 12:00:00",652,9.23,77.36,0,"NAN",0.275,13.11
"2013-04-30 13:00:00",653,10.59,71.12,0,"NAN",0,13.45
"2013-04-30 14:00:00",654,10.28,70.96,0,"NAN",0,13.29
"2013-04-30 15:00:00",655,10.15,71.56,0,"NAN",0,13.09
"2013-04-30 16:00:00",656,10.9,68.99,0,"NAN",0,13.03
"2013-04-30 17:00:00",657,11.47,68.68,0,"NAN",0,13.39
"2013-04-30 18:00:00",658,10.28,73.38,0,"NAN",0,12.8
"2013-04-30 19:00:00",659,9.45,75.6,0,"NAN",0,12.6
"2013-04-30 20:00:00",660,8.33,82.3,0,"NAN",0,12.54
"2013-04-30 21:00:00",661,7.567,90.3,0,"NAN",0,12.52
"2013-04-30 22:00:00",662,7.097,91.6,0,7999,0,12.57
"2013-04-30 23:00:00",663,7.207,93.1,0,7999,0,12.65
"2013-05-01 00:00:00",664,7.546,91.5,0,7999,0,12.65
"2013-05-01 01:00:00",665,7.551,92.3,0,7999,0,12.64
"2013-05-01 02:00:00",666,6.959,95,0,7999,0.75,12.64
"2013-05-01 03:00:00",667,6.779,96.3,0,54.85,1,12.63
"2013-05-01 04:00:00",668,6.787,97,0,103.5,0.9,12.63
"2013-05-01 05:00:00",669,6.777,97.5,0,1027,0,12.63
"2013-05-01 06:00:00",670,6.715,97.8,0,7999,0,12.48
"2013-05-01 07:00:00",671,7.18,97,0,"NAN",0,12.47
"2013-05-01 08:00:00",672,9.88,79.75,0,"NAN",0,12.82
"2013-05-01 09:00:00",673,10.87,73.64,0,"NAN",0,12.99
"2013-05-01 10:00:00",674,11.55,71.06,0,"NAN",0,13.61
"2013-05-01 11:00:00",675,11.2,73.17,0,"NAN",0,13.43
"2013-05-01 12:00:00",676,11.3,73.1,0,"NAN",0,13.11
"2013-05-01 13:00:00",677,13.68,64.1,0,"NAN",0,13.75
"2013-05-01 14:00:00",678,13.57,65.78,0,"NAN",0.225,13.68
"2013-05-01 15:00:00",679,14.5,60.44,0,"NAN",0,13.73
"2013-05-01 16:00:00",680,14.76,54.16,0,"NAN",0,13.69
"2013-05-01 17:00:00",681,15.1,53.83,0,"NAN",0,13.61
"2013-05-01 18:00:00",682,12.21,68.12,0,"NAN",0,13.32
"2013-05-01 19:00:00",683,10.3,76.21,0,"NAN",0,12.55
"2013-05-01 20:00:00",684,9.52,81.7,0,"NAN",0,12.49
"2013-05-01 21:00:00",685,9.4,82.3,0,"NAN",0,12.47
"2013-05-01 22:00:00",686,9.04,82.2,0,"NAN",0,12.51
"2013-05-01 23:00:00",687,8.69,82,0,"NAN",0,12.61
"2013-05-02 00:00:00",688,8.03,88.4,0,"NAN",0.492,12.6
"2013-05-02 01:00:00",689,7.941,90.7,0,5.936,1,12.59
"2013-05-02 02:00:00",690,6.975,93.9,0,19.93,1,12.58
"2013-05-02 03:00:00",691,6.56,94,0,30.22,1,12.57
"2013-05-02 04:00:00",692,6.365,93.8,0,33.05,1,12.57
"2013-05-02 05:00:00",693,6.111,95,0,36.13,1,12.56
"2013-05-02 06:00:00",694,6.293,94.3,0,29.34,1,12.37
"2013-05-02 07:00:00",695,7.74,90.2,0,"NAN",0.633,12.31
"2013-05-02 08:00:00",696,9.09,80.7,0,"NAN",0,12.76
"2013-05-02 09:00:00",697,9.03,77.11,0,"NAN",0,12.46
"2013-05-02 10:00:00",698,9.44,75.56,0,"NAN",0,12.9
"2013-05-02 11:00:00",699,10.95,71.62,0,"NAN",0,13.22
"2013-05-02 12:00:00",700,11.59,71.23,0,"NAN",0,13.5
"2013-05-02 13:00:00",701,11.18,71.41,0,"NAN",0,13.32
"2013-05-02 14:00:00",702,10.86,71.69,0,"NAN",0,12.97
"2013-05-02 15:00:00",703,9.73,82.7,0,"NAN",0.758,12.66
"2013-05-02 16:00:00",704,9.62,89.3,0,27.24,1,12.64
"2013-05-02 17:00:00",705,10.07,84.9,0,"NAN",0.008,13.2
"2013-05-02 18:00:00",706,10.2,79.37,0,"NAN",0,12.92
"2013-05-02 19:00:00",707,9.1,81,0,"NAN",0,12.49
"2013-05-02 20:00:00",708,8.54,83.1,0,"NAN",0,12.44
"2013-05-02 21:00:00",709,8.45,82.5,0,"NAN",0,12.39
"2013-05-02 22:00:00",710,8.23,84.3,0,"NAN",0,12.45
"2013-05-02 23:00:00",711,7.963,82.7,0,"NAN",0,12.55
"2013-05-03 00:00:00",712,7.33,82.4,0,"NAN",0,12.54
"2013-05-03 01:00:00",713,5.936,86.6,0,"NAN",0,12.53
"2013-05-03 02:00:00",714,5.658,85.3,0,"NAN",0,12.52
"2013-05-03 03:00:00",715,5.187,88.3,0,"NAN",0,12.52
"2013-05-03 04:00:00",716,6.609,79.65,0,"NAN",0,12.52
"2013-05-03 05:00:00",717,6.642,78.94,0,"NAN",0,12.52
"2013-05-03 06:00:00",718,6.505,78.63,0,"NAN",0,12.35
"2013-05-03 07:00:00",719,7.612,74.97,0,"NAN",0,12.37
"2013-05-03 08:00:00",720,9.13,69.39,0,"NAN",0,12.46
"2013-05-03 09:00:00",721,11.09,64.78,0,"NAN",0,13.02
"2013-05-03 10:00:00",722,12.01,64.22,0,"NAN",0,13.47
"2013-05-03 11:00:00",723,13.07,62.04,0,"NAN",0,13.75
"2013-05-03 12:00:00",724,14.41,58.83,0,"NAN",0,13.73
"2013-05-03 13:00:00",725,14.15,58.35,0,"NAN",0,13.7
"2013-05-03 14:00:00",726,14.04,58.84,0,"NAN",0,13.69
"2013-05-03 15:00:00",727,13.6,60.18,0,"NAN",0,13.71
"2013-05-03 16:00:00",728,14.15,57.7,0,"NAN",0,13.71
"2013-05-03 17:00:00",729,13,62.32,0,"NAN",0,13.01
"2013-05-03 18:00:00",730,12.55,61.91,0,"NAN",0,12.66
"2013-05-03 19:00:00",731,11.8,65.54,0,"NAN",0,12.48
"2013-05-03 20:00:00",732,10.41,70.3,0,"NAN",0,12.48
"2013-05-03 21:00:00",733,8.73,81.9,0,"NAN",0,12.45
"2013-05-03 22:00:00",734,8.45,84.2,0,"NAN",0,12.49
"2013-05-03 23:00:00",735,6.964,90.9,0,"INF",0,12.57
"2013-05-04 00:00:00",736,5.755,92.3,0,7999,0,12.55
"2013-05-04 01:00:00",737,3.892,93.3,0,2145,0,12.53
"2013-05-04 02:00:00",738,2.43,96.5,0,346.9,0,12.51
"2013-05-04 03:00:00",739,1.741,97.7,0,460.2,0,12.5
"2013-05-04 04:00:00",740,1.362,98.4,0,515.5,0,12.49
"2013-05-04 05:00:00",741,1.669,99.1,0,466.9,0,12.48
"2013-05-04 06:00:00",742,4.382,99.4,0,282.2,0,12.31
"2013-05-04 07:00:00",743,5.976,98.6,0,4306,0.711,12.31
"2013-05-04 08:00:00",744,7.936,91.4,0,"NAN",0,12.41
